 500000, 0.417
1000000, 0.496
1500000, 0.572
2000000, 0.636
2500000, 0.693
3000000, 0.695
3500000, 0.691
4000000, 0.726
4500000, 0.753
5000000, 0.739
5500000, 0.765
6000000, 0.772
6500000, 0.744
7000000, 0.723
7500000, 0.727
8000000, 0.769
8500000, 0.746
9000000, 0.771
9500000, 0.777
10000000, 0.734
10500000, 0.746
11000000, 0.779
11500000, 0.792
12000000, 0.725
12500000, 0.767
13000000, 0.74
13500000, 0.808
14000000, 0.781
14500000, 0.763
15000000, 0.785
15500000, 0.809
16000000, 0.728
16500000, 0.78
17000000, 0.735
17500000, 0.753
18000000, 0.735
18500000, 0.754
19000000, 0.757
19500000, 0.774
20000000, 0.752
'ppo_Cnn_20.0M_g_0.95_lr_0.0005_vfc_0.1': 0.7538